rand_True_check_train_False_check_eval_False
mid [3.5294267379926864e-16, 2.6317193465097144e-16, 1.025765428527425e-16, 1.666597743379272e-16, 5.07742953506437e-16]
coeff [3.6764856482570156e-16, 3.057150144491828e-16, 7.519137073324693e-17, 2.242082990628079e-16, 7.069423617897422e-17]
sum rule [0.12635148977102534, 0.12661489418649877, 0.04524036380657915, 0.04101735392078725, 0.04233938363237071]
steps_to_convergence [3000, 3000, 3000, 3000, 3000]
 
 
rand_True_check_train_False_check_eval_True
mid [1.7609159291286894e-07, 6.104916956263224e-08, 9.456401785648248e-08, 9.747255484746966e-08, 2.2443946911247785e-07]
coeff [2.0058848106379803e-05, 1.9050059723077735e-06, 1.7844366920141136e-06, 2.95159589218458e-06, 2.1451459888008546e-05]
sum rule [0.8302086246858379, 0.8300139841406127, 0.8302400003660865, 0.8300618713164299, 0.8300056946701134]
steps_to_convergence [562, 907, 810, 766, 596]
 
 
rand_False_check_train_False_check_eval_False
mid [4.690094420823042e-16, 7.75889687415536e-12, 4.779088514161069e-14, 6.182953327019316e-16, 1.7640156813656064e-16]
coeff [1.0693647061968511e-15, 5.2964110926264046e-11, 2.83239588777717e-13, 4.983301778542839e-16, 5.561710871665128e-16]
sum rule [0.004795451716483463, 0.6977406162149231, 0.4264405945829704, 0.11838379938916656, 0.12105451268866507]
steps_to_convergence [3000, 3000, 3000, 3000, 3000]
 
 
rand_False_check_train_False_check_eval_True
mid [6.202017423606913e-08, 7.22485326598004e-08, 8.953963476618586e-07, 4.106360471565283e-08, 6.878304846803123e-08]
coeff [2.460483793678373e-06, 7.178407606094733e-07, 0.00015929688366824428, 2.559642025152559e-07, 2.1925950287369713e-06]
sum rule [0.8300004439068002, 0.8303622880877343, 0.8302081510473238, 0.8300242834920882, 0.8300528896334097]
steps_to_convergence [694, 887, 474, 1117, 805]
 
 
rand_False_check_train_True_check_eval_False
mid [1.1036404280749998e-11, 2.0218438014382943e-09, 7.577071338409933e-08, 4.2133048359393545e-11, 8.736271393270699e-09]
coeff [1.977167363099749e-09, 1.0018514118325533e-07, 9.374969003638055e-06, 4.041886119190605e-09, 2.408810179933807e-06]
sum rule [0.7940962601536831, 0.8300866230634556, 0.8302517648504724, 0.8310158880987197, 0.8306871042609174]
steps_to_convergence [3000, 1106, 553, 1987, 731]
 
 
rand_False_check_train_True_check_eval_True
mid [4.030875609574628e-07, 1.809925764073522e-06, 8.206552105153375e-07, 1.1933120773722654e-07, 1.1109548612650133e-07]
coeff [2.3415896792294012e-05, 0.00032910519148711707, 0.0001456316022917605, 7.359726885089375e-06, 3.91130955286704e-06]
sum rule [0.8300301967671923, 0.830350733515416, 0.8303717679935886, 0.8300127897533743, 0.8300477910076102]
steps_to_convergence [579, 362, 388, 634, 761]
 
 
